5-1: [2, 2, 2, 2, 2, 2, 3, 3, 3, 3, 3, 3, 3, 3, 3, 3, 3, 3, 3, 3, 3, 4, 2, 2]
5-4: [2, 2, 2, 2, 2, 2, 3, 3, 3, 3, 3, 3, 3, 3, 3, 3, 3, 3, 3, 3, 3, 4, 2, 2]
5-5: [0, 0, 0, 0, 0, 0, 0, 0, 0, 0, 0, 0, 0, 0, 0, 0, 0, 0, 0, 0, 0, 0, 0, 0]
5-6: [2, 2, 2, 2, 2, 2, 3, 3, 3, 3, 3, 3, 3, 3, 3, 3, 3, 3, 3, 3, 3, 4, 2, 2]
5-7: [2, 2, 2, 2, 2, 2, 3, 3, 3, 3, 3, 3, 3, 3, 3, 3, 3, 3, 3, 3, 3, 4, 2, 2]
5-8: [0, 0, 0, 0, 0, 0, 0, 0, 0, 0, 0, 0, 0, 0, 0, 0, 0, 0, 0, 0, 0, 0, 0, 0]
5-9: [2, 2, 2, 2, 2, 2, 3, 3, 3, 3, 3, 3, 3, 3, 3, 3, 3, 3, 3, 3, 3, 4, 2, 2]
5-12: [2, 2, 2, 2, 2, 2, 3, 3, 3, 3, 3, 3, 3, 3, 3, 3, 3, 3, 3, 3, 3, 4, 2, 2]
5-13: [0, 0, 0, 0, 0, 0, 0, 0, 0, 0, 0, 0, 0, 0, 0, 0, 0, 0, 0, 0, 0, 0, 0, 0]
5-14: [2, 2, 2, 2, 2, 2, 3, 3, 3, 3, 3, 3, 3, 3, 3, 3, 3, 3, 3, 3, 3, 4, 2, 2]
5-15: [2, 2, 2, 2, 2, 2, 3, 3, 3, 3, 3, 3, 3, 3, 3, 3, 3, 3, 3, 3, 3, 4, 2, 2]
4-1: [2, 2, 2, 2, 2, 2, 4, 3, 3, 3, 3, 3, 3, 3, 3, 3, 3, 3, 3, 3, 3, 3, 3, 2]
4-2: [2, 2, 2, 2, 2, 2, 4, 3, 3, 3, 3, 3, 3, 3, 3, 3, 3, 3, 3, 3, 3, 3, 3, 2]
4-3: [0, 0, 0, 0, 0, 0, 0, 0, 0, 0, 0, 0, 0, 0, 0, 0, 0, 0, 0, 0, 0, 0, 0, 0]
4-4: [2, 2, 2, 2, 2, 2, 4, 3, 3, 3, 3, 3, 3, 3, 3, 3, 3, 3, 3, 3, 3, 3, 3, 2]
4-5: [2, 2, 2, 2, 2, 2, 4, 3, 3, 3, 3, 3, 3, 3, 3, 3, 3, 3, 3, 3, 3, 3, 3, 2]
4-6: [2, 2, 2, 2, 2, 2, 4, 3, 3, 3, 3, 3, 3, 3, 3, 3, 3, 3, 3, 3, 3, 3, 3, 2]
4-7: [0, 0, 0, 0, 0, 0, 0, 0, 0, 0, 0, 0, 0, 0, 0, 0, 0, 0, 0, 0, 0, 0, 0, 0]
4-8: [2, 2, 2, 2, 2, 2, 4, 3, 3, 3, 3, 3, 3, 3, 3, 3, 3, 3, 3, 3, 3, 3, 3, 2]
4-9: [2, 2, 2, 2, 2, 2, 4, 3, 3, 3, 3, 3, 3, 3, 3, 3, 3, 3, 3, 3, 3, 3, 3, 2]
4-10: [0, 0, 0, 0, 0, 0, 0, 0, 0, 0, 0, 0, 0, 0, 0, 0, 0, 0, 0, 0, 0, 0, 0, 0]
4-11: [2, 2, 2, 2, 2, 2, 4, 3, 3, 3, 3, 3, 3, 3, 3, 3, 3, 3, 3, 3, 3, 3, 3, 2]
4-12: [0, 0, 0, 0, 0, 0, 0, 0, 0, 0, 0, 0, 0, 0, 0, 0, 0, 0, 0, 0, 0, 0, 0, 0]
4-13: [2, 2, 2, 2, 2, 2, 4, 3, 3, 3, 3, 3, 3, 3, 3, 3, 3, 3, 3, 3, 3, 3, 3, 2]
4-14: [2, 2, 2, 2, 2, 2, 4, 3, 3, 3, 3, 3, 3, 3, 3, 3, 3, 3, 3, 3, 3, 3, 3, 2]
4-15: [2, 2, 2, 2, 2, 2, 4, 3, 3, 3, 3, 3, 3, 3, 3, 3, 3, 3, 3, 3, 3, 3, 3, 2]
4-16: [0, 0, 0, 0, 0, 0, 0, 0, 0, 0, 0, 0, 0, 0, 0, 0, 0, 0, 0, 0, 0, 0, 0, 0]
4-17: [2, 2, 2, 2, 2, 2, 4, 3, 3, 3, 3, 3, 3, 3, 3, 3, 3, 3, 3, 3, 3, 3, 3, 2]
3-1: [2, 2, 2, 2, 2, 2, 4, 6, 2, 5, 4, 5, 3, 4, 3, 6, 5, 4, 6, 5, 4, 3, 4, 3]
3-2: [2, 2, 2, 2, 2, 2, 4, 6, 2, 5, 4, 5, 3, 4, 3, 6, 5, 4, 6, 5, 4, 3, 4, 3]
3-3: [0, 0, 0, 0, 0, 0, 0, 0, 0, 0, 0, 0, 0, 0, 0, 0, 0, 0, 0, 0, 0, 0, 0, 0]
3-4: [2, 2, 2, 2, 2, 2, 4, 6, 2, 5, 4, 5, 3, 4, 3, 6, 5, 4, 6, 5, 4, 3, 4, 3]
3-5: [2, 2, 2, 2, 2, 2, 4, 6, 2, 5, 4, 5, 3, 4, 3, 6, 5, 4, 6, 5, 4, 3, 4, 3]
3-6: [2, 2, 2, 2, 2, 2, 4, 6, 2, 5, 4, 5, 3, 4, 3, 6, 5, 4, 6, 5, 4, 3, 4, 3]
3-7: [0, 0, 0, 0, 0, 0, 0, 0, 0, 0, 0, 0, 0, 0, 0, 0, 0, 0, 0, 0, 0, 0, 0, 0]
3-8: [2, 2, 2, 2, 2, 2, 4, 6, 2, 5, 4, 5, 3, 4, 3, 6, 5, 4, 6, 5, 4, 3, 4, 3]
3-9: [2, 2, 2, 2, 2, 2, 4, 6, 2, 5, 4, 5, 3, 4, 3, 6, 5, 4, 6, 5, 4, 3, 4, 3]
3-10: [0, 0, 0, 0, 0, 0, 0, 0, 0, 0, 0, 0, 0, 0, 0, 0, 0, 0, 0, 0, 0, 0, 0, 0]
3-11: [2, 2, 2, 2, 2, 2, 4, 6, 2, 5, 4, 5, 3, 4, 3, 6, 5, 4, 6, 5, 4, 3, 4, 3]
3-12: [0, 0, 0, 0, 0, 0, 0, 0, 0, 0, 0, 0, 0, 0, 0, 0, 0, 0, 0, 0, 0, 0, 0, 0]
3-13: [2, 2, 2, 2, 2, 2, 4, 6, 2, 5, 4, 5, 3, 4, 3, 6, 5, 4, 6, 5, 4, 3, 4, 3]
3-17: [2, 2, 2, 2, 2, 2, 4, 6, 2, 5, 4, 5, 3, 4, 3, 6, 5, 4, 6, 5, 4, 3, 4, 3]
3-18: [2, 2, 2, 2, 2, 2, 4, 6, 2, 5, 4, 5, 3, 4, 3, 6, 5, 4, 6, 5, 4, 3, 4, 3]
3-19: [0, 0, 0, 0, 0, 0, 0, 0, 0, 0, 0, 0, 0, 0, 0, 0, 0, 0, 0, 0, 0, 0, 0, 0]
3-23: [2, 2, 2, 2, 2, 2, 4, 6, 2, 5, 4, 5, 3, 4, 3, 6, 5, 4, 6, 5, 4, 3, 4, 3]
2-1: [2, 2, 2, 2, 2, 3, 3, 4, 5, 4, 6, 4, 5, 3, 5, 5, 5, 5, 5, 4, 5, 4, 3, 2]
2-2: [2, 2, 2, 2, 2, 3, 3, 4, 5, 4, 6, 4, 5, 3, 5, 5, 5, 5, 5, 4, 5, 4, 3, 2]
2-3: [2, 2, 2, 2, 2, 3, 3, 4, 5, 4, 6, 4, 5, 3, 5, 5, 5, 5, 5, 4, 5, 4, 3, 2]
2-4: [0, 0, 0, 0, 0, 0, 0, 0, 0, 0, 0, 0, 0, 0, 0, 0, 0, 0, 0, 0, 0, 0, 0, 0]
2-5: [2, 2, 2, 2, 2, 3, 3, 4, 5, 4, 6, 4, 5, 3, 5, 5, 5, 5, 5, 4, 5, 4, 3, 2]
2-6: [0, 0, 0, 0, 0, 0, 0, 0, 0, 0, 0, 0, 0, 0, 0, 0, 0, 0, 0, 0, 0, 0, 0, 0]
2-7: [2, 2, 2, 2, 2, 3, 3, 4, 5, 4, 6, 4, 5, 3, 5, 5, 5, 5, 5, 4, 5, 4, 3, 2]
2-8: [2, 2, 2, 2, 2, 3, 3, 4, 5, 4, 6, 4, 5, 3, 5, 5, 5, 5, 5, 4, 5, 4, 3, 2]
2-9: [2, 2, 2, 2, 2, 2, 2, 2, 2, 2, 2, 2, 2, 2, 2, 2, 2, 2, 2, 2, 2, 2, 2, 2]
2-10: [0, 0, 0, 0, 0, 1, 1, 2, 3, 2, 4, 2, 3, 1, 3, 3, 3, 3, 3, 2, 3, 2, 1, 0]
2-11: [2, 2, 2, 2, 2, 2, 2, 2, 2, 2, 2, 2, 2, 2, 2, 2, 2, 2, 2, 2, 2, 2, 2, 2]
2-12: [0, 0, 0, 0, 0, 1, 1, 2, 3, 2, 4, 2, 3, 1, 3, 3, 3, 3, 3, 2, 3, 2, 1, 0]
2-13: [2, 2, 2, 2, 2, 3, 3, 4, 5, 4, 6, 4, 5, 3, 5, 5, 5, 5, 5, 4, 5, 4, 3, 2]
2-14: [2, 2, 2, 2, 2, 3, 3, 4, 5, 4, 6, 4, 5, 3, 5, 5, 5, 5, 5, 4, 5, 4, 3, 2]
2-15: [0, 0, 0, 0, 0, 0, 0, 0, 0, 0, 0, 0, 0, 0, 0, 0, 0, 0, 0, 0, 0, 0, 0, 0]
2-16: [2, 2, 2, 2, 2, 3, 3, 4, 5, 4, 6, 4, 5, 3, 5, 5, 5, 5, 5, 4, 5, 4, 3, 2]
2-17: [2, 2, 2, 2, 2, 3, 3, 4, 5, 4, 6, 4, 5, 3, 5, 5, 5, 5, 5, 4, 5, 4, 3, 2]
1-1: [0, 0, 0, 0, 0, 1, 1, 2, 3, 2, 4, 2, 3, 1, 3, 3, 3, 3, 3, 2, 3, 2, 1, 0]
1-2: [0, 0, 0, 0, 0, 1, 1, 2, 3, 2, 4, 2, 3, 1, 3, 3, 3, 3, 3, 2, 3, 2, 1, 0]
1-3: [0, 0, 0, 0, 0, 1, 1, 2, 3, 2, 4, 2, 3, 1, 3, 3, 3, 3, 3, 2, 3, 2, 1, 0]
1-4: [0, 0, 0, 0, 0, 1, 1, 2, 3, 2, 4, 2, 3, 1, 3, 3, 3, 3, 3, 2, 3, 2, 1, 0]
